71 0.0 0
67 1.0 1
71 2.0 0
64 3.0 2
71 4.0 0
67 5.0 1
64 6.0 3
60 7.0 4
64 8.0 3
60 9.0 4
64 10.0 3
54 11.0 5
64 12.0 3
60 13.0 4
67 14.0 6
71 15.0 7
71 16.0 0
67 17.0 1
71 18.0 0
64 19.0 2
71 20.0 0
67 21.0 1
62 22.0 8
59 23.0 9
64 24.0 3
60 25.0 4
64 26.0 3
54 27.0 5
54 28.0 10
57 29.0 11
59 30.0 12
62 31.0 13
71 32.0 0
67 33.0 1
64 34.0 3
60 35.0 4
71 36.0 0
67 37.0 1
71 38.0 0
64 39.0 2
64 40.0 3
60 41.0 4
67 42.0 6
71 43.0 7
64 44.0 3
60 45.0 4
64 46.0 3
54 47.0 5
71 48.0 0
67 49.0 1
62 50.0 8
59 51.0 9
71 52.0 0
67 53.0 1
71 54.0 0
64 55.0 2
54 56.0 10
57 57.0 11
59 58.0 12
62 59.0 13
64 60.0 3
60 61.0 4
64 62.0 3
54 63.0 5
67 64.0 6
67 65.0 1
67 66.0 6
67 67.0 1
71 68.0 0
71 69.0 7
71 70.0 0
71 71.0 7
67 72.0 6
67 73.0 1
67 74.0 6
67 75.0 1
64 76.0 3
64 77.0 2
64 78.0 3
64 79.0 2
67 80.0 14
64 80.5 15
67 81.0 16
64 81.5 15
67 82.0 14
60 82.5 17
67 83.0 16
60 83.5 17
69 84.0 18
67 84.5 16
69 85.0 19
67 85.5 16
69 86.0 18
66 86.5 20
69 87.0 19
66 87.5 20
67 88.0 14
64 88.5 15
67 89.0 16
64 89.5 15
67 90.0 14
60 90.5 17
67 91.0 16
60 91.5 17
69 92.0 18
67 92.5 16
69 93.0 19
67 93.5 16
66 94.0 21
69 94.5 19
66 95.0 20
69 95.5 19
67 96.0 14
64 96.5 15
60 97.0 17
57 97.5 22
66 98.0 21
62 98.5 23
59 99.0 24
55 99.5 25
55 100.0 26
57 100.5 22
59 101.0 24
60 101.5 17
62 102.0 27
64 102.5 15
66 103.0 20
67 103.5 16
67 104.0 6
62 105.0 23
67 105.5 16
66 106.0 28
66 108.0 29
60 109.0 17
66 109.5 20
64 110.0 30
62 112.0 27
66 112.5 20
64 113.0 2
60 114.0 31
64 114.5 15
62 115.0 13
60 116.0 31
62 116.5 23
64 117.0 15
66 117.5 20
67 118.0 32
